41
41
51
73
29
95
99
41
8
57
8
50
52
62
37
39
59
70
78
49
73
21
42
93
44
46
58
49
14
72
25
94
50
2
20
67
16
22
83
96
15
64
70
74
92
66
79
35
65
85
49
30
6
66
67
25
28
30
83
51
16
39
84
1
82
37
59
28
78
82
33
91
9
99
28
47
61
79
37
47
88
53
82
85
99
70
28
75
26
80
30
96
61
91
14
11
9
67
13
31
48
95
31
88
64
37
77
6
59
38
51
79
28
69
74
16
98
8
70
41
38
12
14
6
48
87
25
55
3
27
57
2
66
53
35
80
94
15
93
50
85
11
96
72
9
30
83
41
67
34
73
89
64
13
63
71
42
66
49
77
20
93
87
10
95
67
86
64
5
92
57
37
55
70
25
4
75
63
51
25
5
43
81
9
16
55
46
19
54
74
60
41
8
10
0
51
11
39
11
3
79
25
19
64
38
15
78
85
26
25
21
87
49
18
97
7
42
39
14
15
97
5
80
43
75
33
87
72
7
55
36
65
26
25
5
50
38
14
51
58
23
87
46
76
59
32
59
82
2
12
23
83
86
76
10
96
93
31
80
26
23
69
99
94
20
20
91
1
86
83
83
63
44
69
36
32
85
62
69
47
80
27
77
11
42
51
34
46
63
99
43
68
66
43
81
38
59
27
75
26
31
41
96
72
62
20
50
54
90
58
56
40
92
59
81
2
68
54
44
95
95
74
29
80
73
78
78
94
1
65
23
44
96
70
4
54
53
55
76
63
80
5
91
74
58
80
42
77
41
89
7
10
74
78
77
95
83
22
53
80
76
54
18
81
21
16
88
27
98
26
3
71
3
11
92
30
11
87
61
39
77
88
85
39
40
6
79
56
49
87
12
38
83
59
17
66
44
16
27
5
7
58
74
85
48
40
81
35
33
19
68
93
99
23
96
62
78
27
32
97
2
9
17
15
41
76
19
70
86
31
95
2
37
11
53
90
63
84
7
29
45
65
29
11
91
90
37
8
38
3
98
75
67
80
37
7
8
56
96
79
46
15
14
56
81
12
61
86
39
63
18
88
79
68
63
72
6
8
3
79
82
10
40
45
63
51
15
62
79
75
76
18
10
21
89
99
49
73
56
72
84
36
57
8
88
4
31
93
48
7
8
25
40
71
19
1
35
16
81
77
90
97
44
22
90
89
32
45
31
6
20
97
91
81
18
10
98
50
71
14
12
53
94
65
37
6
85
20
86
17
85
38
49
67
46
40
95
63
6
31
81
40
17
25
36
12
87
64
98
97
73
51
15
71
14
87
6
84
45
41
53
84
76
95
28
65
61
40
84
42
1
74
13
39
45
39
54
50
89
8
73
2
93
43
4
78
39
75
89
40
47
22
4
87
90
51
94
30
62
49
50
12
87
25
41
49
2
16
70
28
63
17
65
0
93
14
28
76
35
97
4
42
15
48
46
31
46
26
69
38
75
48
25
11
61
92
35
81
99
15
47
12
39
91
48
7
91
86
34
86
28
78
38
99
82
14
23
60
54
68
0
34
47
97
24
33
42
71
89
44
65
58
42
7
63
62
52
0
90
89
27
84
79
24
38
31
35
45
80
98
8
25
23
17
26
71
63
96
36
82
41
16
94
67
66
97
56
11
23
26
31
99
38
5
96
89
18
96
3
69
45
17
17
50
98
11
52
11
67
62
49
13
50
41
80
38
16
66
34
44
79
34
8
6
76
95
19
56
77
48
60
49
41
21
68
25
69
53
2
53
96
29
30
25
35
26
95
40
67
86
89
7
46
47
19
8
36
33
19
73
94
19
72
34
28
62
55
84
5
66
3
64
49
6
71
20
26
99
45
29
16
48
60
83
90
9
31
49
27
78
89
41
3
0
50
68
8
87
8
86
8
3
96
9
67
29
15
56
2
96
8
37
47
42
4
80
85
53
65
15
20
44
53
42
11
51
11
6
50
6
48
39
15
99
67
76
41
86
80
40
27
11
43
99
47
50
45
22
22
62
8
40
8
13
39
14
22
97
86
53
8
25
63
39
54
38
74
64
72
57
48
4
92
33
66
92
0
6
39
5
0
97
48
12
91
66
55
79
51
9
27
61
46
30
81
39
49
1
61
14
95
9
12
17
71
96
6
95
23
76
5
30
81
61
69
37
16
40
56
55
36
24
38
73
32
71
61
41
93
12
94
78
39
36
91
77
79
3
46
93
76
37
88
31
36
39
96
9
55
25
63
29
84
37
83
10
80
97
84
79
